20.3694
11.0135
0.2691544
8.159584
9.987593
11.57282
6.875177
0.8201951
4.933488
1.586016
32.92327
9.874665
11.0575
7.857469
1.287531
8.301664
2.230889
2.271809
9.369666
6.781376
4.801669
8.303718
41.05803
10.3428
51.26112
0.4352547
4.974534
8.110599
4.575933
4.072255
83.58554
20.97437
10.36968
7.943324
10.18197
10.33647
39.10244
13.0166
15.60362
9.014595
0.7658703
10.93791
49.83948
2.748291
20.28727
33.32381
14.12878
29.41334
20.97741
22.39751
7.841106
16.17372
23.82918
22.51592
9.002455
1.375872
0.3861713
1.583459
9.62654
11.10553
0.8562974
1.399421
15.03804
61.19603
0.9513175
2.850236
11.0078
0.3868902
10.37156
21.32816
2.117157
5.185534
16.02477
4.645735
16.59564
19.74872
5.322755
11.17331
0.3498997
1.943461
1.943468
2.263574
3.574952
27.81411
16.77212
0.4616946
6.740988
12.95371
12.77875
17.22528
2.583634
6.521141
10.79856
0.04653751
11.29133
6.257257
22.14843
10.46274
8.457049
1.551921
8.042589
35.02748
8.361255
0.8144891
1.391895
15.66805
15.3189
1.755793
6.243638
6.900595
2.511946
10.01457
2.73954
8.871398
11.4551
15.27743
2.479564
2.130714
3.101498
18.57163
19.42631
4.539104
16.25308
26.78323
19.31418
4.817843
23.15089
19.99228
13.77098
0.5175906
1.800586
35.48486
11.84574
11.4238
4.962625
0.132275
3.393609
8.186317
4.751987
23.18757
25.43634
29.54138
9.320293
6.450708
8.79996
37.91875
11.08976
3.242718
10.35384
4.324366
5.991907
11.33283
7.33099
9.446066
48.34372
59.26292
20.77241
2.961915
5.882877
2.354227
47.6955
17.13889
37.00805
4.859661
5.806479
21.23008
2.690526
7.677235
19.40821
18.60494
12.39543
9.62058
3.980681
13.52988
1.863912
4.497948
12.42422
91.22924
14.91972
49.13601
22.369
1.709142
20.6024
39.79598
14.60952
5.65484
10.99714
9.071498
25.89711
12.18869
9.117526
17.95735
3.377341
7.961637
3.14922
3.699012
11.50077
66.77371
40.27676
5.611363
7.321371
0.9239474
8.953206
6.274696
6.35134
1.033295
1.212654
15.51991
11.57623
34.00784
14.48199
29.06429
7.021492
38.93431
2.434047
29.24815
8.26572
18.19373
2.626916
7.424355
1.582412
25.78536
33.03879
14.00893
20.788
2.896004
0.3224826
4.748826
41.77155
20.57399
3.220184
2.767729
6.622387
9.776214
10.59819
16.75924
6.914771
15.44356
5.419568
15.04539
2.684559
6.112309
13.41457
7.608093
5.702851
28.75577
5.600944
15.61343
2.192414
1.647652
10.68712
4.87969
1.145621
7.319887
13.1479
7.580544
1.050601
1.526294
0.3992424
3.528743
30.41489
3.650408
2.722087
7.033773
4.113527
8.967726
14.87862
18.46126
20.9119
7.057705
56.64753
30.91169
29.7865
19.42754
0.8082048
13.57467
43.7697
1.405901
0.4762251
33.57636
29.25884
4.740388
12.96408
44.49921
20.24802
26.95401
1.629173
11.24999
16.40255
26.81252
4.127074
11.17586
3.703652
30.36886
11.47187
0.4520905
9.260702
34.97597
14.97557
3.71455
18.79256
4.879505
12.71506
12.861
19.19318
0.007577455
7.64101
9.513576
3.196989
3.167606
9.154328
17.01132
10.08948
35.11289
2.975341
12.35375
10.56431
21.85014
3.954871
27.28638
10.82573
3.929211
11.31195
13.05877
18.63003
9.351478
3.207936
6.909007
13.23765
25.60907
16.53672
0.350197
8.274109
3.78312
12.16234
19.23497
2.600847
5.700794
2.233078
12.93857
0.6032481
1.71391
32.21909
44.86897
0.4734297
1.045926
24.10999
38.49517
7.406057
1.494302
2.241686
7.615921
15.94698
3.937874
12.73407
2.443468
1.560084
15.1081
11.76472
8.433477
7.851913
14.04746
2.520413
19.17651
30.29874
5.774679
7.333714
5.016772
7.009499
16.56622
4.465204
1.089192
3.352343
2.849728
5.519622
9.349043
2.919654
12.97435
1.274189
29.03788
13.64306
51.2382
0.6548849
0.6976802
2.164903
5.511473
7.143026
1.446077
2.474561
13.20092
42.45952
24.24795
10.33771
5.413235
4.255824
6.743049
17.81431
11.11128
0.8242729
32.73094
28.28525
2.035701
14.43927
5.949486
11.20247
3.591271
4.653784
56.09573
2.776249
9.143732
3.251496
5.663208
9.277811
6.090583
5.079747
10.51372
1.528969
12.00412
7.299888
2.44961
24.23943
26.92018
7.72274
6.154003
15.06198
27.73816
3.561975
0.4133395
5.525686
10.88507
4.070878
0.7337331
3.14887
7.139782
12.36836
3.091499
5.915603
7.842415
38.96719
5.735638
1.159863
7.520991
10.63125
5.947183
12.96716
5.838117
56.93847
9.796194
9.72404
69.99947
16.36557
26.08835
0.1241987
1.807384
4.231274
1.757892
1.139503
20.13566
35.43154
31.727
1.317395
7.91096
0.7912386
42.44948
2.207653
53.04264
20.4159
1.382819
9.711984
36.93231
6.165746
2.114828
5.38362
22.57356
12.68124
30.50195
4.024494
7.777159
16.09765
2.023019
6.383863
0.4008599
2.571341
16.84349
21.21226
6.982175
2.285425
20.85415
4.083075
19.0005
3.74662
4.292386
0.3731061
19.30884
2.958269
0.2467296
2.101748
30.86457
16.01284
2.873788
12.11845
13.12704
34.99276
0.2356532
8.976951
9.952278
4.574503
2.512724
49.05455
38.47351
4.857134
0.4792317
2.11767
0.7772187
16.78895
10.10821
8.471625
30.09563
4.82919
14.37079
7.940505
3.009351
7.577103
14.71225
1.480444
1.063387
2.333243
3.241241
5.463677
8.260163
0.2465566
5.101675
59.01721
4.087724
6.442374
33.28055
2.545211
0.09597594
20.86381
48.87275
22.51988
10.29413
10.67356
0.9779594
4.125185
8.240459
0.8168444
30.4018
18.03955
12.87965
48.69768
5.069025
9.75897
13.12197
0.7618706
4.200617
19.30312
4.224365
7.708539
13.93117
7.568281
39.03003
2.085698
1.045732
38.82901
12.24987
2.216133
10.28371
23.78955
3.204255
1.600475
3.167369
1.437763
41.25024
1.768591
1.332348
55.65856
43.07294
2.142044
6.41187
37.54588
6.140185
7.725656
25.30754
16.08637
6.099297
58.2317
15.65751
28.53785
6.178248
1.83656
50.06298
10.0076
2.127271
5.986948
4.563247
26.06171
9.380343
8.553323
21.12371
0.6866776
15.22736
3.367168
1.680446
59.74406
5.136422
1.493587
23.03934
4.003168
3.778534
19.28182
16.22978
4.500593
10.51886
8.509033
5.742453
51.97005
10.14533
13.58138
25.21721
0.2698703
3.506418
40.45456
2.748515
11.6731
3.409532
10.26443
6.393848
31.61059
7.803861
12.91046
20.60641
43.72297
3.435272
9.300557
24.61819
20.80892
2.077742
2.145022
10.81915
16.63895
25.86348
12.33448
11.32344
7.590516
17.57896
18.26852
69.80012
0.3576659
8.217103
0.2171111
6.298465
3.25724
17.4921
8.212059
0.3828731
5.942889
0.3100432
2.557482
17.24345
35.69328
4.921983
8.342547
15.77203
0.1918106
34.72037
7.444896
12.63737
40.95041
16.59504
9.64199
8.439286
26.91774
1.120321
12.19646
11.82208
42.44295
7.168063
2.117788
9.511569
5.915214
5.047858
13.97705
13.85695
12.54838
13.09428
0.08837209
35.05028
8.264723
7.298393
14.46839
19.76323
48.75717
3.799488
4.725184
6.262987
23.16483
15.33015
28.66537
0.5470668
6.965103
10.90563
25.46498
35.5959
1.621507
2.206509
10.48021
0.5116833
10.07772
27.15918
7.464435
36.74853
3.192463
0.8365482
0.01181097
17.62165
10.11839
7.168663
27.16385
30.59892
10.81105
35.16313
6.39305
1.161612
0.3833364
41.38494
8.135272
2.103376
6.16908
4.840543
12.68426
25.17793
13.74402
24.44931
14.68937
1.589747
2.047549
22.21567
1.471688
5.504018
7.366791
3.995573
13.76018
7.612576
6.116315
8.774213
19.99044
14.50188
1.90078
0.8861053
6.904774
20.63606
19.41237
6.674674
0.7852699
3.739566
9.519902
0.9363673
5.776314
1.940589
9.256146
76.043
6.939063
0.7573719
5.097878
8.602684
23.63494
4.794671
9.514903
22.5583
26.69681
7.717657
7.124948
30.08746
5.645734
6.827752
10.06467
10.8364
1.358916
17.34962
11.4745
9.552747
24.27888
2.428757
3.618286
17.18668
28.76188
6.891795
83.03109
9.162048
7.124042
7.200259
9.325554
1.180939
8.006633
8.290718
1.694092
17.87174
27.95345
0.06023914
5.615932
37.11561
17.44196
1.291553
17.19488
13.9402
3.43882
25.58134
30.14628
5.15464
10.13502
6.83527
3.011252
1.660369
3.081423
30.66834
8.611129
21.33584
14.6191
35.16826
5.585636
8.821029
1.920291
1.433662
11.05655
4.289243
5.467927
9.423995
1.459848
7.600793
1.911073
0.04518363
9.203069
1.262206
9.495268
6.54811
11.97835
11.3125
3.855728
28.46466
18.79018
7.554706
2.198308
4.932565
0.8501964
46.50489
3.450301
26.85519
0.6274938
1.894788
0.3411098
7.602186
2.784683
23.772
14.0084
45.1889
32.0052
14.77624
30.42878
25.0741
10.76405
17.56947
1.272375
5.716096
5.47209
5.869799
7.553751
15.97792
2.46622
5.524976
5.621449
22.3247
5.989869
37.83545
17.85844
1.351121
2.829076
2.977709
32.67985
4.186446
2.513119
19.21275
0.8826548
17.36558
2.522481
4.906536
0.8349408
22.18583
39.66712
40.98878
25.297
9.077781
6.230629
13.65971
8.854514
2.430037
3.602475
29.20986
9.938387
18.4482
25.3516
1.727717
15.84002
18.26256
5.100609
29.43146
1.248616
24.90598
11.63506
23.8622
2.515606
32.95212
0.056991
26.02813
5.946266
37.22772
10.98563
2.811082
2.529423
5.372609
11.84517
27.05424
5.234918
3.079795
3.873846
11.37524
7.158821
2.948185
20.35374
8.056502
1.510704
12.766
6.088383
17.00279
17.70642
3.92688
24.95993
66.09958
8.084518
19.1354
0.3578021
0.7436781
10.03886
7.005378
16.20912
15.7057
7.384999
1.009316
9.55523
1.602861
11.04992
9.684945
3.420323
11.40523
7.01986
10.50217
8.452199
7.963567
8.636927
1.990258
7.657206
69.40582
6.038785
4.84803
0.3103442
23.85868
4.660009
14.64888
13.37593
6.443268
1.40109
1.989329
45.74649
19.80168
49.8804
16.03185
17.98549
3.377582
16.22454
49.47442
1.475629
1.897854
0.4154618
8.927289
11.9436
11.72253
5.584647
10.81313
4.982636
31.99129
1.08137
9.475633
12.19976
12.28954
16.27371
16.05294
3.540268
11.20901
13.83307
11.02132
6.033882
10.45341
4.095571
16.15409
17.87892
14.53628
4.673834
0.2152825
8.859278
18.28784
0.6032398
1.375313
11.53615
8.672247
10.03225
11.83394
11.59902
2.980635
7.014473
6.074478
0.5281868
14.98546
16.90819
18.79372
7.672376
14.36048
15.70559
0.780835
20.32328
8.280796
21.46202
36.05891
20.4929
15.93494
0.3766911
25.46551
5.902463
3.066076
10.23167
1.942316
25.344
14.41098
38.6327
1.881236
1.487674
30.67007
12.84388
55.55387
36.78612
4.930352
6.292318
7.244579
35.72949
1.608502
3.035089
18.24781
7.296969
14.31659
0.5203436
4.588467
3.553131
9.097783
5.515341
7.767058
13.45425
38.17644
18.06955
46.74573
5.298557
1.636648
11.03752
7.686988
11.88292
3.813062
21.70995
5.344225
7.183148
0.1824824
4.416092
0.9347293
4.240033
6.617674
8.86224
7.328772
7.430624
2.167743
11.99001
2.431968
4.981896
4.35625
11.43975
14.64185
9.773099
1.118472
8.456317
1.955462
17.23849
7.045328
1.539115
1.17735
0.5688517
2.398734
3.466174
3.890063
2.504956
8.589071
0.7012767
8.765375
11.93494
19.3866
4.08502
2.329416
8.177664
9.909642
10.43549
8.817252
2.399267
1.858287
12.82386
1.232161
4.003799
0.2769946
12.87141
5.16108
13.21805
5.704792
5.550176
21.4101
30.54502
48.09165
31.78678
31.31273
41.28835
3.617745
10.56355
19.35069
10.86919
36.34956
1.499016
32.56405
5.399614
24.12022
4.171865
8.927515
26.8817
16.95804
2.231906
0.3404942
15.6327
1.084151
22.73659
40.23982
11.70342
6.97197
1.65934
9.319515
52.00324
50.29516
7.320839
0.7343509
12.49399
13.68248
1.371419
6.336028
9.452785
55.29225
11.67757
14.85735
15.52506
6.668194
7.579121
0.04266425
6.022326
5.77976
17.63814
2.24344
3.278496
4.838414
0.8815038
3.576095
0.8994375
10.79221
2.944019
1.783885
1.712281
20.32097
3.749371
1.128312
18.24217
5.405205
2.124018
8.958353
2.892716
16.39419
2.287629
12.81779
6.888848
46.89252
9.639321
11.44894
10.24869
10.55599
2.218969
22.28083
7.859945
14.8865
2.504383
1.166864
58.06321
21.98309
4.313683
24.3914
4.401065
0.9315785
5.676086
6.782479
19.54166
19.23164
0.119282
8.53572
17.70449
7.638256
1.830339
6.053466
5.655677
18.96883
16.742
5.265644
7.752906
39.67139
17.8775
3.009875
55.75241
23.1407
7.547015
35.28337
15.8041
13.04733
9.796094
8.986246
4.167744
34.77312
12.21429
17.83642
9.812399
4.090653
0.3830037
9.930087
2.371933
25.90651
75.44235
0.3282909
6.633421
48.81808
12.8007
1.882176
3.6905
7.936417
7.906747
43.30972
24.45307
0.07757735
9.820802
9.536997
3.143831
14.13753
1.536923
9.371085
10.56555
30.00387
36.01992
14.0892
45.70736
19.60494
47.16382
40.92034
0.1217571
28.25536
38.64728
2.606848
16.50265
17.07107
9.958552
30.20139
15.42655
24.62833
1.494788
11.6035
32.71127
5.033871
9.471992
14.66002
42.20133
35.01901
10.69868
3.297067
1.032248
18.66418
16.77749
21.38225
9.084867
9.932875
9.808963
26.55164
9.580553
19.83142
5.039642
6.129258
13.42755
15.85803
27.76342
12.62952
9.844948
19.56392
27.26091
16.63254
6.767736
10.1709
11.07152
8.405087
18.77283
2.14275
47.17332
16.13765
81.64244
0.2429722
10.97397
0.1739304
5.33533
2.188775
6.165905
15.4689
2.879966
12.16521
1.467775
4.101735
3.043719
89.68479
1.822629
12.87883
25.16709
11.20843
3.188548
15.51286
21.93597
6.33087
0.7882867
9.936518
65.89693
9.024515
23.90448
4.305381
20.45675
2.50216
15.70001
28.70609
33.1525
66.10224
34.02418
1.477788
0.6424681
8.360547
18.31207
6.115452
41.75338
6.555644
31.99574
7.67699
1.742364
10.03261
5.878085
14.80036
5.185371
2.143558
21.9022
33.54708
2.085502
65.09255
18.33237
6.743325
12.24271
3.056746
2.564319
0.9492456
5.675667
2.44365
15.18204
11.24097
29.99252
25.79599
3.165028
1.273898
9.75477
0.4266484
6.682384
17.95808
0.1443447
0.8609672
9.081002
21.37202
7.203352
8.638107
19.19128
3.753341
1.809926
24.35616
8.738807
0.4777899
1.668729
1.540963
10.26123
8.292674
9.491912
51.20829
22.80122
15.33548
7.680167
4.285348
6.702583
0.9004851
41.80025
14.32273
3.184053
27.19022
57.79573
0.4799323
0.8108754
2.692778
0.07822713
44.65568
6.491296
4.667635
4.038677
16.8157
30.77123
14.65621
10.73858
21.91957
5.948785
0.4522259
2.82796
1.668746
37.95331
13.62958
10.6927
19.58068
16.50284
9.684869
3.536268
0.7048258
3.606538
31.07231
3.393656
6.581928
6.841202
15.72345
11.09567
25.03854
13.77412
7.704339
4.099184
12.1327
9.445534
5.295313
28.57266
38.48005
48.43048
7.987186
1.481562
25.31071
22.74433
20.23284
3.928389
8.627673
8.094565
10.94088
11.00981
9.693631
13.77966
3.77941
0.9435959
1.515364
2.112463
32.33432
31.91137
4.624867
3.844511
21.48095
8.316872
19.88243
6.782228
16.73835
12.1854
5.055389
9.848896
1.194962
0.6880603
10.62675
8.091415
13.58364
7.873059
7.095901
2.726856
8.72057
2.801282
34.04275
6.209042
11.67008
8.403258
22.43052
20.65834
21.43141
4.010056
2.74842
0.02253406
0.8891363
3.26565
8.704001
3.715578
17.47204
2.000657
22.45933
42.28188
21.47548
5.022029
50.21386
12.22495
0.5242666
15.96209
3.351777
0.001173691
46.38372
6.722055
1.697638
4.191378
5.779385
11.57686
25.18157
1.864437
8.410242
2.817777
9.717276
2.399597
16.91077
11.99334
40.28231
1.204073
24.54585
2.898081
3.482708
3.197976
9.731346
6.489883
11.78734
20.83196
1.533423
4.847464
13.06604
3.11969
24.59322
11.21442
0.9039984
14.15863
14.11249
7.811148
8.495529
0.5984656
16.74227
4.444172
16.18044
43.04754
16.3568
14.7194
29.91512
6.322555
25.80485
0.521765
10.74182
15.3808
13.81504
16.28746
0.9115268
6.735554
1.837943
1.57076
67.95626
0.7811435
6.592321
1.897871
36.25429
8.032525
5.307
29.17203
12.73591
3.292585
0.8918366
1.871811
35.71697
17.24226
6.562287
19.32228
8.349034
39.16064
15.36362
8.853174
19.63025
17.8889
0.1008799
19.69962
5.654987
21.24623
5.937386
10.44911
14.36851
1.649987
26.95595
1.296978
3.427002
12.6422
30.28083
29.15434
2.059243
31.63264
3.623359
19.16403
3.058503
2.826444
11.64723
3.554437
7.203299
35.09991
7.571327
2.421941
4.486995
5.943269
20.73035
3.75692
8.554317
1.232926
20.70052
4.890649
11.0758
9.341377
6.234876
25.06843
3.573092
2.314288
3.482511
9.686435
11.67855
8.694656
1.63013
12.19339
15.81391
3.82161
23.03386
3.126306
9.000793
0.3285596
11.39918
0.3447052
7.332254
40.32341
10.10556
0.6114525
9.804599
35.56631
26.03467
2.458383
6.477407
20.34318
22.49015
7.723025
4.497909
7.134995
9.082297
5.975368
1.222845
32.45509
0.9156301
11.8106
11.13896
10.56218
12.90524
10.25616
14.36273
23.57593
2.227842
2.252615
37.37519
20.61242
17.17943
3.14481
38.20126
26.08421
4.869183
10.10695
22.79714
19.06607
9.207521
13.54102
65.45524
5.613195
10.6342
13.13156
4.133108
45.68195
11.36822
96.95112
20.25061
10.33006
5.933538
32.20592
6.14659
43.51193
0.202477
11.47836
1.443346
10.128
3.667458
1.138268
2.257214
32.74571
0.2620479
5.954879
6.579293
5.805374
19.00131
15.09803
5.94515
11.05683
5.441149
15.75864
22.22306
19.71614
24.4482
8.725903
17.68598
39.44329
0.2715412
13.53565
28.41373
1.148841
1.058928
0.05322796
6.434632
3.814558
0.6737295
8.565249
11.52678
7.176393
5.799984
25.79847
6.7492
1.821197
14.21647
24.98964
4.340516
17.51268
2.044003
25.38688
13.60341
2.515132
2.07298
11.69402
17.45689
45.96002
20.60029
7.548128
16.45266
6.120926
0.5368359
7.477144
32.33303
1.650999
2.077283
0.7820419
10.18356
11.03004
18.98797
10.08931
3.600786
38.76897
18.30166
2.095695
11.88667
18.79222
34.25928
3.530106
0.6008735
7.741037
16.75403
5.966861
0.8053367
42.41285
3.320397
9.741555
3.849784
15.45681
3.019811
1.148868
26.58652
37.52369
0.5914214
18.4051
5.384931
1.577781
15.65949
3.837041
52.09816
16.23241
37.4397
4.141844
9.305297
6.592912
24.19458
9.796188
49.23728
12.56115
8.351164
47.75253
15.69619
31.6467
17.31547
12.08474
9.334991
0.1168168
9.09948
15.13084
5.6928
10.43315
58.18612
7.814423
44.55395
2.057124
6.939489
3.310931
16.35996
0.8519344
4.165341
0.5462348
21.71263
4.680241
29.734
5.232162
6.880421
10.02213
12.6357
16.98606
0.4878211
18.49649
13.79822
9.298821
23.89826
3.008695
13.54506
2.968818
14.93422
3.595591
13.54607
22.01763
25.87073
1.567173
15.27027
34.25942
10.40573
3.205444
2.769401
8.157275
25.23176
9.29693
4.889504
7.938547
6.921716
18.39128
21.99981
1.184478
7.606073
19.42356
14.10692
47.57601
22.68508
40.71262
26.36282
11.0048
4.110183
7.186642
26.37114
19.92492
7.080144
0.4337565
33.15597
17.58892
7.695925
19.47839
17.25858
23.22665
9.080933
4.853767
9.757994
25.6841
4.264786
19.60029
4.369672
2.989013
2.01751
21.43769
2.982606
1.705085
29.14823
2.751281
17.00531
10.3499
9.56715
22.01208
5.377725
33.82296
8.3139
16.06372
10.3589
43.58443
0.7127802
1.102671
11.17894
8.76711
3.353637
72.30455
5.472474
10.67905
3.773586
9.147152
12.37004
2.959608
3.020654
3.999206
5.656055
11.39937
17.72871
4.406313
28.0781
19.87932
13.30937
4.962416
1.80739
0.1414267
0.2209229
2.125263
31.6156
4.346611
31.10068
5.897611
38.35542
3.226131
6.642949
4.79087
24.12281
104.0713
0.423097
30.44433
12.39551
4.889122
8.417851
1.524852
43.01835
23.01129
11.00056
5.052503
5.778727
4.822919
19.97236
2.700929
29.89347
30.47586
0.7835949
25.90826
9.301496
29.73108
25.24645
16.77533
3.145678
1.865082
0.2011028
19.70477
8.484135
7.512011
27.07436
21.30645
10.75356
1.56476
41.39857
6.035987
0.3459361
0.3458019
7.456713
45.42076
33.89606
18.92425
10.29278
29.38251
7.378129
8.61582
2.259249
25.5119
12.00025
1.883308
8.393423
6.83519
7.366556
13.01483
0.893798
9.630575
18.06814
4.282979
10.80815
12.61033
20.77723
8.033108
3.560969
3.929527
8.926357
1.170088
14.4314
6.784023
6.471868
1.636906
3.954715
4.932773
2.278621
7.984983
3.476966
0.8803335
5.929159
1.299341
3.050759
67.62757
9.431112
11.86069
10.40009
26.0576
13.89155
2.543466
3.180199
9.40853
7.61468
39.5387
0.7600616
6.067855
14.95224
3.993865
3.37505
13.70392
11.88991
14.835
8.49493
11.52595
23.49871
9.41494
2.238017
2.145792
2.7021
28.00983
2.612717
17.06963
4.117019
0.6548413
26.79667
25.16215
31.02886
4.173506
1.467071
0.1462843
1.243808
1.988692
3.053199
14.22651
2.172645
15.55156
15.49273
26.31033
16.72377
1.081788
13.16049
1.369781
4.299702
8.201783
31.31687
10.64856
0.1961745
11.22372
10.4784
14.59318
6.151771
14.07908
55.02516
0.02645527
27.38586
3.435227
18.87862
5.052788
18.21707
0.4341085
23.31791
9.788277
24.8992
3.445085
5.080333
0.2790648
27.05854
5.409099
0.05285741
2.407801
38.55992
16.70372
0.0622366
3.135137
12.50078
5.725576
1.540787
4.647296
17.83058
10.22232
29.87384
3.363274
14.42857
22.24171
21.78801
0.1948343
3.826757
3.036357
13.25594
44.49189
30.82589
10.55813
3.961427
16.77792
1.17776
2.714729
5.142014
58.4984
28.17653
2.27927
8.006036
19.1354
26.64426
14.26985
0.9951611
19.05499
14.67224
11.97384
7.658013
2.49951
2.565281
9.328452
5.016535
10.50786
0.9947491
5.979451
7.306039
28.99569
35.68145
11.81395
31.16226
6.581497
10.72606
11.00517
9.86675
6.516621
2.819842
4.606795
38.22021
17.39153
18.06157
17.99052
3.108952
0.8299741
1.432692
18.59483
8.928975
31.0707
1.463829
20.11046
5.945432
9.549901
67.28124
5.343009
10.0852
37.42046
4.039347
4.651148
9.00584
12.96755
18.14852
2.029196
2.113823
13.53254
2.419912
0.6205775
51.27039
25.16495
17.37475
6.800944
33.70149
0.8511435
8.242592
36.4572
12.70031
0.5060538
38.91003
10.43723
48.64389
9.529429
5.956908
6.726188
13.0556
24.51635
6.476178
9.397508
11.48233
33.38722
7.529576
18.81425
15.23205
6.571313
31.06702
4.238938
1.630617
2.036882
20.51238
16.01332
4.785095
0.2163417
4.788018
0.006350544
34.43099
7.28562
2.395678
14.29503
22.21949
24.77284
9.119535
1.896613
18.36046
14.25848
3.628445
9.959945
16.79067
0.666145
24.76464
8.915795
6.009356
4.236097
26.29265
0.7761838
6.334762
17.83515
1.209134
3.792495
19.76437
8.189547
0.1617915
38.21537
5.853899
45.81028
1.295457
30.76868
46.04783
2.886946
32.67126
9.944477
21.46235
0.1123812
13.30118
32.78908
1.337112
39.63685
10.36199
1.018757
9.929036
3.545176
9.709905
6.110353
10.6104
40.59097
21.29155
12.16349
19.39961
18.99111
0.4336616
12.53301
40.1781
8.066877
6.017355
21.42727
16.41645
10.88191
14.04756
3.249062
7.209918
2.083492
23.5502
22.73005
0.5334358
50.27922
2.935382
7.190958
1.878827
6.025953
1.651221
2.65675
10.3415
9.297186
6.167749
0.6814164
19.20805
1.460308
66.75288
18.38981
20.76757
5.075922
4.331535
23.41766
2.098116
22.19064
4.789119
16.70748
14.40881
8.857632
32.56694
6.219301
9.891854
3.676508
9.731098
0.3261274
3.608017
1.580331
4.294534
15.55331
27.01014
6.500428
10.48432
3.348111
29.22358
22.64806
14.19005
21.74176
20.44986
13.46789
3.172002
3.51318
7.80384
22.74501
12.95101
45.12533
17.21641
11.62415
26.96855
36.77148
25.32732
27.38687
3.916906
29.6112
6.619686
7.800319
47.53134
5.383788
13.85667
5.42211
0.8896308
4.210827
25.13019
1.994073
2.145487
1.801528
11.98169
12.12081
4.909481
6.618925
1.225986
27.62259
6.762634
10.80966
43.02331
2.796612
4.5678
89.19976
10.14175
11.02205
8.518628
15.77595
6.226544
1.231904
0.880621
18.71696
7.498769
7.140161
0.7404772
15.49027
11.4281
2.661809
0.2004128
1.848934
18.73944
7.337333
9.635603
12.35955
20.50429
1.08094
5.991505
4.737234
2.648608
0.5763346
0.2739647
9.847128
30.22238
67.6066
51.23788
35.94544
1.303662
23.1492
6.100843
26.40827
2.568205
75.17166
3.402597
1.399094
5.505558
9.037635
19.77401
3.640087
26.02231
19.46527
13.75451
15.66383
17.35759
55.75813
19.68492
0.3377006
4.328456
0.5106503
6.211294
2.953701
28.76043
7.865646
2.757599
10.49892
3.437055
19.18376
4.483327
5.239148
20.20172
19.98354
39.91891
26.28305
13.71887
2.417739
4.352915
0.2580062
39.85872
8.510955
18.52513
19.34952
6.95138
35.39861
0.6033679
10.87066
6.871546
3.639699
22.0843
3.965608
11.33165
19.84919
7.661707
2.599896
4.376864
13.04224
2.855976
5.816271
3.496181
18.5807
6.057784
15.88316
22.94422
15.36417
5.906789
4.964088
22.92565
0.3375615
11.39876
17.80768
4.416807
18.16711
1.470679
8.454067
3.937754
2.44558
24.63913
5.157634
3.383394
2.059486
17.19998
7.533413
9.261216
2.193589
1.980374
8.94443
16.63927
16.49247
11.11734
16.08157
18.22441
1.774608
15.5783
5.281205
3.549746
11.1158
34.40209
3.565546
35.59726
1.963045
6.387524
0.2170063
0.9618725
1.567698
38.37825
2.613126
24.87793
10.27876
3.626585
6.468882
7.958455
15.73762
11.46134
23.35635
3.098048
13.33707
2.38576
7.264892
1.488164
18.13229
31.60554
0.6719762
22.54294
0.6412653
8.460527
12.62313
0.6580359
1.632514
30.13612
14.40625
8.81625
4.598744
0.5948188
0.1092971
7.351226
33.27957
11.7657
17.02659
22.93855
8.083237
9.366199
14.79141
28.98991
0.3827372
5.442231
2.867195
0.2606034
12.8807
2.437968
16.17554
10.34976
0.6934895
10.31066
3.257253
35.18525
9.850289
16.55756
16.74384
3.861296
37.75571
2.691538
23.60809
7.558775
26.83147
17.63348
25.93429
11.5926
12.16397
33.66112
127.4644
1.827703
21.68719
40.47065
9.781539
0.1160897
70.65072
3.42003
2.011563
17.02485
24.40526
13.5841
15.90893
6.445229
10.20526
14.37954
24.85723
3.463223
50.95864
14.17162
46.12859
1.105191
5.590631
40.59025
7.344719
0.9043381
0.5589349
4.774563
12.09037
20.50706
13.77968
2.513002
4.145855
1.046056
19.26802
0.02720655
4.591588
12.08119
0.08994645
10.16914
20.40181
27.10031
3.045002
2.401777
14.4967
22.40074
4.077633
19.90766
0.8779918
13.63807
18.44617
5.391401
1.680522
8.151156
2.986313
4.487604
29.85599
12.61683
3.590026
19.454
4.895232
21.47199
1.74378
4.297082
20.74196
27.86602
21.50389
28.31058
0.6074264
26.37976
19.53133
10.40104
2.533182
2.532232
16.89385
4.877128
9.045533
14.15141
0.4321736
5.535922
1.270426
101.2458
1.136437
19.23075
7.256868
14.58599
0.3724165
0.3164338
14.48369
23.27748
11.69658
15.12316
3.038569
1.58357
7.176246
8.024364
10.35988
17.07977
13.63591
16.36389
3.339994
1.181629
3.407974
33.07383
23.89502
7.544404
4.91066
23.79944
8.084604
10.74173
21.35684
9.479468
1.837836
37.79966
0.8598132
11.74329
4.90895
1.456652
1.295878
20.14113
7.83401
10.36576
8.19607
31.69227
1.546626
6.817598
3.17913
19.45088
30.35088
1.848009
18.64724
5.088488
2.69624
29.20003
48.4438
17.69354
0.046124
17.37044
1.759707
10.64942
1.069657
13.05802
0.8729757
10.29946
45.86213
10.09101
4.891359
16.58217
2.572508
30.1483
4.374269
9.080907
3.778197
5.180066
0.2923381
17.15166
0.4416704
0.6336984
5.794806
49.74139
13.1276
9.981445
11.18821
3.1211
4.623119
30.62384
2.254303
0.3514636
1.193816
15.67548
21.45767
23.93987
10.63414
1.389888
22.12458
2.833408
7.672827
26.76727
14.9269
7.032021
11.73609
40.64079
22.98879
10.87388
9.083828
11.551
2.015353
2.454034
24.14243
4.177328
2.369289
14.50829
8.934847
54.22996
23.14735
1.347876
31.12413
3.171819
10.42794
27.43387
4.640896
6.362617
0.2753915
13.57238
6.640419
7.582699
0.7745853
4.891243
20.00305
2.645235
7.151127
18.60266
12.02366
21.18876
17.82379
38.30536
4.105998
22.72752
16.36234
5.687606
5.768732
39.20624
4.134592
14.85675
2.366603
3.950914
4.42713
7.002436
41.92958
11.88546
38.5891
10.71655
10.66267
14.24656
1.840151
3.501902
8.382714
8.908507
1.663786
19.61325
26.87733
20.83135
44.29233
2.744722
10.00272
0.7996961
6.643315
5.639687
8.102009
0.9361885
26.19543
11.59033
3.73548
2.777272
33.53391
26.79508
21.09517
9.004981
40.89521
19.90145
13.59893
2.9548
4.54734
4.930655
2.160049
2.636663
5.280007
8.995549
17.12368
1.41408
2.435688
10.16819
7.126687
1.344407
2.468064
18.20493
22.87208
5.211313
38.15002
0.450402
0.8637183
10.97296
2.140128
34.31983
2.130107
16.78697
38.8578
2.285532
39.58173
23.71371
11.2807
2.309367
13.34327
2.899853
31.95676
20.03242
5.215522
14.72648
7.310683
9.855379
2.512302
19.25895
12.18693
13.71175
6.254785
25.95413
0.4966784
7.060015
1.220938
11.76384
27.05923
7.421377
6.103563
26.22732
2.282646
19.7488
0.7797997
10.8654
3.481312
5.114677
25.21978
2.0905
23.87373
3.117783
6.604885
8.43127
55.55604
7.828083
6.851958
2.618234
8.91087
81.43043
6.431459
5.271441
32.7304
16.82514
15.22484
0.512305
10.75416
7.985867
26.62635
42.47963
1.913812
0.8314676
9.619984
13.44888
4.297492
10.58138
39.27129
17.60525
17.20863
14.05325
5.619188
15.18055
27.51751
34.85755
2.274779
11.19349
7.920868
22.58107
6.758493
20.49646
14.55049
12.6678
7.868786
1.237902
21.06749
9.763699
12.66265
7.794576
19.50181
6.508894
8.569909
9.41155
21.60009
2.501062
4.160803
12.48139
39.83403
9.728218
28.52884
20.0401
15.99013
3.917823
5.774242
12.47861
17.63134
0.9481434
7.961503
1.265898
5.799867
3.172782
11.59777
7.385991
11.26961
16.5391
45.08901
45.58806
22.39778
15.81096
27.2331
42.12386
2.108285
4.987947
0.4134193
25.93319
15.78718
2.362464
1.198172
29.51596
18.88534
25.79271
10.16158
0.6676548
11.41102
5.242733
28.98195
17.16795
17.23947
11.73197
22.57573
8.270745
0.3809864
37.7309
2.374362
18.20883
4.067898
10.24408
9.542887
15.78273
48.16925
14.87623
3.188549
2.730436
5.887242
15.74412
34.12915
45.70867
4.209213
3.4847
5.250054
13.69763
5.374827
21.16186
31.1276
33.41027
26.60423
0.1356304
2.817472
21.26254
6.764073
2.824053
1.377562
19.69741
8.808738
3.443282
2.568649
35.53183
23.05973
0.9706665
2.743693
6.376192
3.813355
35.96673
0.2662186
41.53433
0.4477515
10.59124
0.09800743
3.783485
1.827004
22.10502
11.51572
11.21672
1.85741
6.52054
2.153798
1.737014
4.328739
33.08928
16.60877
0.8687248
7.638978
6.386352
11.82022
2.197809
12.08971
4.055207
28.72488
27.12324
6.413968
9.263312
16.98488
1.48735
5.620451
16.51451
0.002751048
1.072888
11.84838
0.09202053
29.0971
12.36597
16.85314
13.91418
6.853755
0.7072412
17.15737
0.674525
9.340951
30.84206
7.595305
12.54895
6.35172
4.905417
1.618152
46.44204
4.612009
1.189855
2.644649
2.411826
23.27312
2.822209
1.32816
10.06056
28.20114
70.61738
31.28727
4.138681
53.27327
1.553916
4.840209
4.289368
24.15131
0.1836659
16.80487
26.10067
6.528801
10.6027
59.88207
14.52457
0.9528208
17.45312
0.2276698
29.75752
20.55648
18.62193
5.692341
4.034675
5.749881
10.87985
16.68497
4.928887
35.2083
4.415234
11.44314
3.49364
5.434517
7.701528
38.80006
27.98886
25.38329
1.431287
21.45613
5.195987
5.426091
34.38344
1.72104
19.92463
12.20332
7.405093
1.637222
4.324203
3.506011
23.97741
19.42779
3.810726
14.29075
20.33995
46.62589
1.320837
5.449253
7.263873
2.596693
31.26948
54.62819
13.32654
12.38037
9.615869
12.4287
33.44091
17.9889
8.472013
26.8868
16.1055
31.58852
2.559144
17.94754
1.490252
7.935458
0.08712926
19.13153
23.7103
16.74143
7.238424
5.400588
47.67409
3.093013
13.66079
20.39582
10.05991
0.3761456
4.589627
15.60819
17.99859
3.538621
13.62762
17.94854
5.168746
9.627314
2.666464
6.922832
36.77389
8.608416
8.08164
30.12069
3.95416
15.55441
11.90405
5.179302
24.48542
7.403364
11.13576
29.77811
0.3447963
60.40648
5.393657
0.9334905
9.842531
9.019199
7.331584
11.50799
18.44863
16.41112
11.87353
13.24257
18.77684
1.19274
5.865033
6.79826
37.03214
0.1868502
15.85286
7.899963
15.06609
0.06039484
31.25128
12.37917
25.70238
7.490719
10.79003
7.915808
8.903355
15.8685
6.716414
17.89512
20.12808
45.92164
5.073312
0.4110747
11.4722
3.411405
23.43768
14.94795
0.290856
5.363543
0.9333904
0.9643069
7.089095
0.5019923
7.098458
6.982993
10.60533
2.14818
23.26062
4.19283
7.027011
11.7249
8.95568
1.27272
9.986501
6.219204
5.562693
3.669477
0.1523572
3.223965
7.285538
0.9292183
5.374988
30.48564
36.92593
0.9287519
24.67258
3.802557
1.409283
8.929015
31.51854
18.17961
4.656433
49.05608
65.16271
2.079103
5.647499
17.62932
5.157392
75.66737
1.422763
9.611055
6.550889
4.972453
4.61615
9.771417
4.837218
0.1317192
38.00396
12.24806
1.774506
10.92046
8.308789
1.837497
14.30983
1.909775
10.49407
0.007259379
13.77509
4.600806
3.85779
9.204268
44.09213
12.90967
3.474556
17.18534
13.94623
28.0524
6.222202
12.76255
3.045361
5.128584
16.85716
9.604993
16.67394
9.624806
3.078233
32.93852
4.137331
13.28537
17.59699
25.84473
33.53401
22.37757
4.307618
1.501815
11.28496
29.59307
9.655296
25.63039
33.53401
15.0991
26.24698
26.28256
2.306504
1.653312
0.6449477
11.75375
8.902362
32.58353
2.68629
5.880818
8.666579
5.536571
18.28967
4.842019
17.16594
49.02853
1.12338
13.05134
29.71634
3.850388
26.0273
5.92926
15.165
17.12662
8.254421
1.995285
28.07763
6.864237
6.401261
2.790417
2.595498
14.80766
25.92646
18.53641
14.20062
2.322855
5.410746
1.575095
22.2114
11.6012
1.164149
4.234968
6.77847
8.255108
13.9063
11.18322
6.646369
10.28375
7.516593
11.0644
4.200343
9.714407
10.52919
26.99444
13.59759
32.0937
17.30654
13.17913
5.114659
13.68831
3.933201
10.85154
13.45717
15.70052
7.576832
2.068343
26.82309
0.6642345
2.838078
15.34726
8.430004
20.85183
29.63642
1.296926
9.15625
9.097797
8.307272
5.393335
8.522167
9.725954
0.7240329
2.585808
8.142623
21.47808
14.88066
0.04023295
20.78871
17.87319
3.809085
18.5006
3.002683
9.371801
32.53814
1.471914
15.72785
34.00565
23.58319
26.71952
23.5121
5.710982
8.423399
0.6971171
6.976473
5.45429
22.40788
13.45395
0.558293
12.87187
29.26655
3.526189
8.441927
5.921501
10.52338
42.818
19.89179
8.993821
57.55532
19.47192
16.47597
5.509699
3.133719
14.53665
2.098197
25.52925
0.5228335
4.206716
15.87008
19.04557
1.168419
25.93287
3.333718
19.68196
0.4548634
2.350012
5.77901
0.8530722
25.6247
50.69805
27.18009
4.933491
27.09559
21.49923
9.483649
1.466371
17.81015
28.62481
49.47627
6.748075
2.528517
29.20962
10.24312
6.900955
12.73161
4.904821
8.527957
2.690595
12.04997
4.280997
10.07965
0.9448587
1.108025
22.04442
8.866816
4.962811
8.675902
0.9613486
39.22425
20.75929
11.67076
8.209291
19.50146
11.51463
0.2723359
8.104649
0.4316915
0.7624929
25.30147
2.064945
11.92163
16.66389
3.973832
3.807281
13.78317
2.099225
5.079487
1.716345
18.18102
8.383615
6.869542
0.03595972
12.90236
23.31897
0.6825405
7.035504
5.418145
16.14044
1.087579
0.840235
3.714879
6.422039
4.800875
14.077
0.1604663
2.482033
23.52121
8.555608
1.147446
8.315737
5.878947
1.327225
73.34608
7.87745
20.49012
0.8077132
36.49875
10.40474
12.688
2.522512
12.65941
23.96786
5.837813
10.76393
2.757794
1.831831
17.51791
12.00132
37.67449
2.482868
15.4121
6.836797
0.3490513
9.551415
15.55687
23.91918
28.83182
17.75861
47.94617
8.570667
12.69259
41.33935
23.10405
33.29908
26.33384
0.6098175
10.23377
5.744295
25.69236
16.1639
23.10362
0.5036473
50.40105
10.65701
3.360794
13.18058
33.62078
1.697355
8.632196
0.2437662
18.33447
19.71195
15.37342
1.1129
3.121595
14.73985
2.533876
5.24979
31.0846
0.8654148
33.05462
7.40113
10.33512
24.54228
7.56859
17.1078
16.94091
63.39213
2.611269
47.54159
2.522683
8.274467
22.72799
5.812483
0.1457826
22.34633
32.263
20.44395
5.3362
64.97159
9.521903
18.23756
32.03023
2.392471
5.904834
8.290622
17.51185
23.12637
9.232323
15.26327
9.056541
0.7917437
3.407864
7.178273
8.778139
14.7749
6.641824
2.12356
3.185064
2.660715
9.388904
20.51933
0.4487971
50.51482
15.47265
9.489516
1.97483
26.28647
8.979461
3.999996
4.933645
7.552743
2.922848
7.228605
16.75131
13.01234
6.065843
11.43245
0.4303485
4.734485
23.64784
12.09933
2.290052
7.415423
3.719459
1.299883
4.641452
41.09279
13.27799
11.88207
1.824877
16.77679
10.43388
31.37684
7.419387
9.188623
28.27137
4.210244
22.4822
0.6071189
10.03516
4.788528
5.154532
6.923551
20.53259
10.21226
35.80169
2.402277
6.201342
3.771002
14.64785
8.270087
7.748297
1.420639
31.16598
0.6603237
31.97026
14.8025
2.870259
1.822075
3.831864
7.169926
22.44358
3.476665
17.57925
22.32524
28.56107
7.128642
22.13877
3.822082
2.857258
5.939778
8.886579
0.82413
22.99561
0.4170901
0.4883753
4.706312
2.921312
23.50027
19.45732
2.452952
14.40719
7.5798
1.045133
22.47269
6.275006
10.37379
45.6412
1.479688
39.55672
18.8353
0.4002459
18.88698
77.26804
10.23093
0.3422539
6.647067
22.68133
8.982443
6.847741
2.135426
14.02233
11.65831
17.93948
0.7776329
25.43888
7.681982
6.43209
20.07486
5.926994
11.00703
38.84233
4.685357
38.70275
15.7395
6.974309
6.956574
31.87358
25.86529
5.571961
7.541229
0.1240717
9.462577
14.20906
1.739459
7.342597
1.741272
0.1655117
17.50009
23.59552
30.53313
15.31166
17.66935
27.38725
10.20626
2.198994
1.505287
12.44114
2.07467
2.288769
15.99603
0.5150326
0.6318702
0.8383659
17.01725
18.86455
16.58278
44.57632
38.20558
33.62733
0.3842132
4.106441
3.893939
1.42608
20.76414
8.073306
14.16159
11.91979
1.008749
14.88649
13.45009
36.38468
27.48469
13.30248
3.451037
22.54359
11.90655
11.83752
7.563637
11.12462
6.17187
0.2902058
18.75109
21.47524
22.21801
0.04872791
17.51555
7.665821
24.98033
15.80252
14.64123
31.73286
0.3128799
4.253016
0.6188008
0.8804379
3.254764
2.707441
5.658628
4.023953
19.67489
1.589615
9.080153
46.98331
8.246605
2.535719
22.48488
20.24422
6.465866
1.397597
10.20139
7.85113
2.984484
2.24276
12.84667
2.907123
0.167773
1.852672
7.810883
4.377262
0.714702
4.044568
35.37411
2.884866
20.03737
6.626206
11.4612
13.75311
22.7637
11.00839
15.11653
5.244717
20.65446
25.00388
6.110787
33.27583
1.987643
4.965825
2.090538
24.81171
24.84599
5.226884
9.025721
18.61699
43.72282
2.689033
27.72785
3.272901
6.461509
0.7660566
8.197366
14.84087
1.901335
9.170679
12.02461
16.02594
2.847241
3.19506
5.40648
13.48822
16.34536
13.92527
3.082043
6.880126
18.52478
4.5843
0.5168087
7.41054
77.09176
19.49208
76.1899
3.568894
7.117858
9.987325
5.710047
8.882424
6.066855
11.47503
52.033
26.2658
2.326716
1.21929
5.125462
1.497356
19.73301
13.84984
33.27816
14.84391
58.24507
10.13784
14.32849
0.5889873
4.229195
42.99999
7.116122
10.4054
22.69079
10.8629
22.91417
17.1568
1.660859
8.697081
13.3387
9.688007
4.95525
30.94142
2.984696
6.814397
2.060277
21.76402
18.9096
14.53665
8.632467
13.56085
0.0831199
47.44075
16.39032
9.259918
2.780677
22.82874
1.51926
20.45834
11.80511
8.166158
0.7526837
14.76499
0.1207161
5.308675
2.803982
23.49532
8.223404
28.61127
16.88603
12.16768
16.68869
2.049132
1.464904
12.57672
5.546099
9.44355
0.1837101
2.621758
5.309664
27.80429
11.14042
20.20646
15.55065
18.5103
15.05415
41.78369
1.221211
26.86538
4.29727
0.4380575
4.298653
3.401021
9.097377
6.362521
6.03746
2.523484
0.7977653
8.524775
11.19105
8.95641
13.51415
20.84203
8.404164
0.980949
5.270142
0.8499349
17.02032
7.485928
3.199592
84.69282
6.611556
14.07235
22.76105
24.73231
1.254356
0.6318591
5.382569
28.36055
2.597208
3.793244
0.2228297
16.61183
68.77052
22.05217
1.940023
10.65645
1.413494
2.155489
11.39647
1.951408
3.429567
0.03350657
10.9579
3.95237
30.29429
0.5943044
15.42881
9.606802
3.088251
54.50487
35.31069
0.7391593
30.24926
3.776601
1.229765
4.375991
22.49691
54.56061
6.50036
3.615559
0.07136937
18.95735
0.08485887
12.70619
9.328398
7.963699
2.277258
3.177289
12.94521
26.10835
5.607289
12.62264
7.978774
11.00044
12.17921
7.637853
0.4371529
11.18674
11.21119
8.700348
7.276723
36.98845
32.96826
12.92779
9.034312
19.5489
31.81547
11.42268
2.111309
17.77488
24.29495
21.22712
10.41115
4.175078
42.51408
2.312089
3.04928
8.763441
31.02721
29.43132
9.01317
22.52354
1.041985
4.082549
7.464211
1.421095
10.41717
23.34918
16.56408
11.21465
4.805361
8.195709
19.66497
1.415597
27.96357
6.768275
3.656212
51.00786
7.029873
9.440806
17.79288
6.290755
3.769761
13.7024
31.24987
20.60811
0.2155924
14.35252
11.2367
14.02368
4.476089
6.511367
4.634408
3.506407
15.00202
10.87599
6.249239
9.111833
8.627075
13.99272
11.96391
17.70229
13.40093
35.34284
2.630116
7.787418
23.81031
8.072665
27.28032
3.103303
8.578299
30.95135
10.26167
16.93088
8.416749
3.47112
2.334583
13.82354
16.88322
6.838735
10.92064
22.08732
9.81863
3.447985
11.19404
0.1239328
11.70632
38.10632
15.45353
24.22612
28.89016
4.230881
20.69522
78.88012
2.88547
5.549053
23.97224
20.07076
4.137161
7.596952
0.3014263
0.7495465
4.382608
7.816585
0.4160872
26.42393
3.802093
12.94913
0.6548326
23.77663
32.71874
19.64886
13.50366
13.61502
2.084898
2.223717
3.990799
11.07218
5.228797
3.921446
16.10736
3.422498
13.52812
7.27986
3.117735
4.040614
24.15004
8.816608
7.68821
6.67993
6.833971
13.12679
2.271226
2.065803
10.40902
10.9525
5.474951
1.15753
3.645002
20.59094
1.572681
6.165805
4.065474
12.54578
6.626512
27.6381
11.78018
45.96219
36.93398
3.653925
15.77217
8.443214
18.93106
2.453647
12.58457
7.602313
11.89312
0.1909716
1.281777
10.18171
2.237809
20.47362
3.940112
0.03513965
17.4324
2.643653
8.413242
5.645028
13.03417
0.4472672
4.763667
1.593221
3.269814
3.574477
1.679144
2.684285
18.41957
9.122596
9.936362
49.17611
16.02452
5.140411
20.5608
20.47615
15.15817
27.55232
1.005852
3.653648
22.74663
13.30386
1.188912
9.434316
8.20403
4.277455
4.888816
21.54299
29.66265
24.22074
20.72952
1.186957
0.3432517
16.93592
3.384894
4.300775
11.11856
52.05623
4.556008
2.920507
0.4540243
23.7558
3.954899
5.622307
14.39259
1.110749
5.593793
60.3397
3.43884
9.900552
4.185839
3.525782
12.38788
29.04424
10.66603
24.96612
4.066451
0.352234
4.447964
11.53121
6.872667
1.485933
5.91912
21.55558
6.872155
4.768434
3.97329
24.48086
4.358209
6.392079
24.83094
2.165995
2.040499
5.709807
11.28759
4.646502
15.62876
9.381321
30.68852
40.64282
5.83441
8.118248
18.41197
1.437062
19.11315
1.252186
31.74721
12.60871
16.13253
12.05521
21.68884
13.58149
22.91304
5.545871
8.299887
7.149399
25.81633
4.473516
14.35316
8.834612
48.61939
19.22945
0.3368108
3.416125
1.604078
3.751652
12.89588
6.942748
2.812761
1.629905
37.85537
3.668888
47.76705
1.082604
32.14499
24.15391
6.486912
0.5931
3.938604
0.1451608
1.169755
9.467769
0.7829062
10.6813
11.20165
9.032558
18.99005
2.925804
13.3192
7.495031
41.77136
6.352583
8.540251
0.9623296
3.513303
15.8829
4.68528
2.769859
19.19937
21.35636
2.967431
7.246933
6.952094
7.539617
4.513625
10.44179
1.156016
7.22469
20.5059
28.73397
11.95256
17.13884
28.55498
6.697913
1.671433
8.781653
7.255765
1.644924
9.995934
8.865552
9.263372
3.209106
6.299592
15.94959
8.941578
17.08311
0.9376303
38.02863
7.562312
8.925669
29.3144
3.078709
8.556265
24.43822
25.19093
1.945589
2.819942
11.57249
10.98046
6.971636
44.76666
20.28626
10.75218
5.223762
11.93012
0.7561141
2.277324
14.04211
17.55638
15.60934
14.20152
5.521323
20.43314
27.69203
22.07551
11.33774
3.11021
1.417097
2.475791
9.296334
6.384184
6.852672
0.0178446
1.433591
4.055708
7.828851
3.606674
4.057186
11.60285
0.3985213
0.8461955
0.7381904
5.335536
0.2068662
25.30127
54.40646
0.5576748
8.403764
8.823831
16.12861
1.24547
23.80415
5.71316
4.654545
58.36861
0.5493712
14.39475
7.511043
76.41315
29.15652
13.32179
2.84588
13.98541
24.24447
8.253908
20.45053
0.2647149
17.72466
26.6797
19.48896
25.78081
7.077982
7.256694
13.8531
9.975742
40.59296
28.94136
0.1354381
44.2634
23.63579
32.43381
49.4013
10.18607
6.81628
0.6173436
11.27847
7.679045
9.547119
36.84994
8.05267
33.29032
2.419778
6.145146
2.399521
0.918547
41.21288
1.439975
28.55586
6.083267
22.26253
13.84255
11.38366
7.413107
16.78135
13.96289
4.037965
0.4867829
30.66713
19.02066
5.640713
9.520059
1.147169
5.186673
0.1287688
37.11943
0.3325065
19.39132
25.32011
19.7777
9.620741
42.76483
8.764261
11.0681
15.06504
22.87782
25.06133
4.82755
11.47196
23.70804
3.686425
2.356739
7.180541
47.70767
1.576453
23.20457
11.80201
7.400139
14.17865
15.0346
4.163899
6.519939
2.992013
54.13787
8.09626
9.420859
2.480964
11.54615
3.556714
0.7405872
57.27389
1.925595
21.88163
29.28501
1.054725
1.020511
8.850204
8.512106
5.717675
5.09565
16.65551
10.3185
2.005996
3.993001
1.082117
4.158064
3.627273
5.194347
5.677792
12.4256
9.317783
37.7187
23.7183
15.0716
8.858938
37.04059
0.9476013
3.566539
1.640983
1.830748
9.348814
10.13639
6.283817
15.10292
2.16087
18.3166
16.94637
12.41715
37.48486
2.986164
24.30151
4.296108
4.291488
67.86713
0.2601494
4.841981
2.165987
16.65953
6.229867
24.08495
5.953352
3.56193
1.036498
5.64339
2.376096
1.744626
8.061459
6.973898
8.138114
11.19812
27.82626
4.170372
11.70672
1.470671
1.229052
30.42033
1.975163
17.56836
23.28371
0.9228779
7.253018
10.94605
27.06832
28.45376
0.9166574
35.95204
10.99309
0.5175098
1.919554
31.9641
5.739954
38.37908
1.62353
10.83316
13.60269
0.2226673
13.54936
3.748755
4.348776
13.66445
13.5369
29.63497
13.403
9.834872
26.50321
5.945184
12.40175
7.12856
3.532844
19.28064
8.928917
6.823369
5.645759
13.12933
5.095121
0.184792
6.740871
32.04926
2.545214
14.77489
16.56937
2.041677
28.31472
0.28791
2.16673
4.637151
6.529698
3.415543
0.9703006
4.111446
5.983781
19.32451
10.30112
2.317688
9.992382
3.030857
11.09826
12.65707
7.989598
8.339183
4.059462
1.964284
7.930238
18.81561
20.9389
7.888042
31.28115
0.2872451
15.01989
4.649862
13.75413
2.141723
15.99805
0.301006
12.71281
21.21604
19.2247
3.718569
2.911918
16.28414
36.00201
4.595252
19.90433
0.2869743
0.5052274
33.61703
8.186333
3.055655
35.60025
13.20663
29.32407
42.44778
0.2795479
15.36177
45.36848
44.31009
1.670459
17.0152
18.83744
2.54077
11.58377
18.45654
2.223844
1.316951
2.969376
5.305381
25.11999
33.48397
2.656614
6.051337
3.335686
1.047147
31.88572
3.705984
7.376208
23.81973
32.93924
0.9012188
0.9564736
23.6545
4.890564
8.219043
0.3426185
16.94923
13.7363
6.97439
33.14615
17.89891
8.713269
14.0101
18.02093
40.80286
5.356206
11.85775
24.82412
11.50548
10.70928
7.459313
17.63348
3.399324
2.058723
14.04141
23.96801
22.5371
2.432084
4.726011
3.525814
25.04891
4.970253
1.106256
43.33354
10.21177
9.274285
5.026242
20.88385
13.02114
2.910125
5.547936
12.37043
25.52875
18.9799
10.66304
6.349504
2.100666
29.55094
33.41399
15.00223
6.294291
7.539208
71.48113
13.13912
10.38694
7.599185
3.547649
8.146888
4.319148
10.76383
5.047969
28.76767
13.29187
2.841508
19.54416
5.963431
0.1746827
9.385837
8.931354
41.32395
12.92249
6.60432
5.114132
1.798297
14.15363
1.744879
2.386519
0.02223017
10.09754
24.7632
0.6715337
16.2994
13.67102
0.1557091
1.079781
1.343142
6.208036
2.181341
42.18606
6.103367
7.425679
2.023374
6.889611
3.15499
6.105104
6.007086
13.22355
10.36408
16.17513
26.66243
0.03713137
0.1507497
9.600257
11.94933
2.911291
46.44951
10.52904
8.417762
11.75912
5.302404
24.73856
3.276396
1.278377
56.56351
12.68238
17.33937
15.38435
28.87006
43.9991
3.640934
1.343638
17.64093
52.31943
10.78069
14.90647
21.03459
9.916797
2.062082
0.915127
5.512579
1.227754
3.115009
15.02033
9.151259
9.578527
1.753244
4.896924
54.59666
19.57031
12.21758
23.78827
2.959442
2.240693
23.65925
3.220369
1.44146
0.3684788
16.98182
18.32661
19.25931
13.59927
0.3418531
5.941489
6.165458
0.6166176
1.501523
18.80556
0.9329064
5.310214
27.27721
17.656
6.945824
18.40037
22.53566
3.070097
3.149355
28.60735
3.870882
3.622005
3.960538
33.53742
38.1412
59.34291
2.825478
0.2288427
2.838294
1.25748
1.288945
23.61946
24.48716
8.326629
5.682384
7.025255
2.329698
4.203178
4.262261
3.364727
1.889854
9.154583
3.548293
11.76981
0.264329
7.1338
15.56241
10.66312
4.701256
18.21574
10.88906
12.42555
7.974507
29.83538
1.728686
13.51796
32.54148
1.471535
0.3938544
3.656366
39.30618
0.1012753
11.35494
16.63708
13.04674
15.17018
8.99173
3.123521
12.69595
12.17764
1.848505
18.99088
20.75456
0.08613666
1.765921
1.13759
5.063484
25.41769
21.30858
20.49461
3.904898
9.74061
4.423634
12.21846
24.08187
2.472795
6.252899
18.46574
1.468068
4.779965
20.31008
